1000 2537 
415 961 3638 
415 902 4022 
415 19 1966 
415 921 5516 
415 41 3501 
415 913 3766 
415 281 5458 
415 589 5251 
415 251 6939 
415 157 2755 
961 192 956 
961 849 3129 
961 125 8108 
961 344 1885 
961 850 689 
961 80 6297 
961 230 6213 
961 716 2915 
961 79 8514 
902 183 8789 
902 446 743 
902 202 1720 
902 7 1666 
902 127 5581 
192 342 8835 
192 163 779 
192 179 3868 
192 294 2750 
192 508 833 
192 247 6319 
192 24 4666 
192 875 9660 
849 595 7781 
849 390 8994 
849 224 5134 
849 421 4484 
849 906 411 
849 476 8699 
849 462 1787 
849 228 9072 
19 674 3805 
19 304 6538 
19 69 6256 
19 364 1582 
19 639 6458 
19 570 6012 
19 708 6646 
19 255 3465 
19 522 7032 
595 213 1770 
595 955 98 
595 443 1325 
595 238 3182 
595 970 5020 
125 203 1782 
125 665 85 
125 483 9846 
125 601 4773 
125 222 570 
125 362 7902 
213 536 6504 
213 424 136 
213 866 7908 
213 564 1509 
213 294 1039 
213 581 9193 
213 174 1761 
213 588 1375 
674 328 9743 
674 268 8691 
674 694 8774 
674 680 1826 
344 706 126 
344 352 3865 
344 321 3637 
344 872 7477 
344 724 9798 
203 616 6134 
203 107 8937 
203 166 8078 
203 436 4540 
203 737 387 
665 644 2581 
665 248 4312 
665 278 8939 
665 543 7026 
665 470 1830 
304 637 9248 
304 532 6203 
304 86 9889 
304 91 487 
304 456 2540 
304 919 3389 
304 841 9563 
850 307 3311 
850 285 8770 
850 81 5564 
850 869 5208 
850 466 9638 
955 693 608 
955 218 7959 
536 136 3186 
536 541 1044 
536 100 5224 
616 880 7695 
616 767 2331 
616 386 1277 
616 378 8033 
616 144 4240 
616 369 892 
616 434 6839 
616 431 4146 
136 203 4881 
136 25 7215 
136 874 1090 
136 93 1275 
136 458 2760 
136 126 8827 
136 650 9905 
880 338 6132 
880 84 9960 
880 577 8811 
880 890 1756 
880 63 3375 
880 750 9146 
328 25 2206 
328 630 3775 
328 602 8747 
328 777 5829 
328 368 7196 
328 211 3415 
307 345 8882 
307 942 6688 
307 726 3715 
307 950 1057 
307 888 9116 
921 644 138 
921 72 1765 
921 511 201 
921 157 7744 
424 578 9187 
424 733 5561 
424 860 7010 
424 524 6267 
424 917 739 
424 945 7996 
390 943 2824 
390 285 3135 
390 56 6552 
390 215 2432 
390 627 5281 
390 662 880 
390 300 5032 
390 204 654 
390 140 2737 
338 331 6802 
338 530 4430 
338 604 2954 
338 659 883 
578 352 3621 
578 893 3348 
578 927 256 
578 269 9375 
342 561 5195 
342 50 6594 
342 658 6659 
342 823 2014 
342 159 4312 
342 89 4597 
342 904 8258 
342 754 5061 
342 588 7248 
767 740 1122 
767 507 9619 
767 246 1915 
767 567 4969 
767 365 8551 
733 941 1698 
733 589 399 
345 150 5966 
345 510 6595 
345 671 9714 
345 410 6645 
345 535 1910 
345 532 4275 
345 205 9567 
644 18 6900 
644 802 1756 
644 80 5978 
644 914 2978 
644 560 9377 
644 529 3653 
224 26 6837 
331 46 7801 
331 862 789 
331 834 3767 
942 23 3464 
942 597 4286 
942 919 4761 
942 999 1057 
943 159 5614 
943 4 9097 
943 851 4945 
69 482 5082 
69 547 2318 
69 711 9967 
561 102 8320 
561 553 7151 
561 538 5166 
561 317 2793 
561 198 5628 
561 581 1858 
561 944 1169 
561 161 4958 
561 859 2930 
561 809 6410 
150 587 4833 
150 188 3219 
150 853 8856 
150 672 -43 
706 830 4645 
706 343 2970 
706 457 424 
706 173 6905 
706 326 858 
706 634 5500 
248 102 5858 
248 464 9125 
18 627 8702 
18 995 7592 
18 845 8307 
18 526 5724 
18 634 2617 
802 139 6381 
802 414 9784 
802 469 7647 
802 981 8796 
802 529 6 
364 273 2170 
364 732 9318 
364 276 2573 
364 296 7535 
364 918 5030 
364 670 2531 
364 615 4583 
364 162 3112 
530 315 6107 
530 376 8053 
530 445 8058 
530 598 9590 
530 700 1329 
102 97 3974 
102 883 5496 
102 51 7487 
102 827 2955 
102 840 1122 
102 393 6358 
102 108 7778 
102 120 1494 
553 564 3205 
553 660 9166 
553 974 5 
553 327 -56 
553 916 4222 
553 7 3328 
860 105 7142 
860 398 3492 
860 953 3569 
860 841 8527 
386 332 6682 
386 558 2135 
386 841 7820 
524 231 1125 
524 67 6732 
524 837 1479 
524 472 6168 
163 540 6752 
163 3 3573 
163 660 8670 
163 904 4996 
421 9 7302 
421 709 6301 
421 769 3038 
421 143 2089 
315 942 1264 
315 32 5676 
315 707 7990 
315 467 3269 
538 85 1496 
538 893 4052 
538 940 6479 
72 106 7838 
72 681 3676 
72 947 9463 
540 276 3513 
540 962 852 
540 119 5468 
540 620 2111 
540 882 5017 
540 755 3473 
97 603 3972 
97 77 1639 
97 979 7559 
97 638 6779 
97 133 2041 
443 52 5246 
443 327 7727 
105 261 6701 
105 223 507 
105 908 1733 
105 147 1878 
105 171 8710 
105 910 7644 
483 934 3047 
483 218 6210 
80 200 6311 
80 729 82 
80 258 3515 
80 818 1934 
80 954 5265 
80 969 1493 
80 775 9235 
139 607 9902 
139 784 5791 
139 319 9157 
139 753 9597 
139 792 1162 
139 790 4401 
376 182 8337 
376 814 2794 
376 130 2519 
376 848 340 
376 316 4795 
273 958 6019 
273 63 2669 
273 555 -82 
273 280 2482 
273 682 9282 
273 240 4999 
317 377 3218 
317 500 2825 
317 266 1641 
50 833 5851 
50 221 513 
50 960 2403 
50 993 3180 
50 350 7058 
25 124 8671 
25 459 4770 
25 924 6863 
25 428 8463 
25 551 2389 
41 878 6349 
41 392 425 
41 787 488 
182 284 5704 
182 797 8537 
182 137 7335 
182 783 9048 
182 301 6023 
84 568 4836 
84 692 4173 
84 194 4730 
84 900 3198 
84 839 2710 
84 687 2418 
732 658 2628 
732 34 4145 
732 167 3403 
732 495 9306 
732 164 4957 
285 321 4292 
285 28 6573 
285 441 8338 
285 420 6365 
285 112 7626 
830 320 9394 
830 834 516 
830 494 2842 
830 340 2612 
56 145 3362 
56 840 8621 
56 963 474 
482 442 3084 
482 135 4634 
482 604 3875 
482 478 3007 
482 197 4814 
482 98 6844 
378 270 6964 
378 27 5244 
378 58 9177 
378 686 4356 
198 579 8255 
198 684 5382 
198 79 8518 
198 498 9464 
198 970 3292 
866 552 9681 
866 922 7422 
866 722 5624 
866 652 3327 
866 170 5351 
866 205 9213 
866 158 3369 
866 505 6278 
866 239 2787 
183 292 2739 
183 417 5101 
183 725 5371 
183 772 6141 
231 829 2707 
231 468 6928 
231 765 5635 
231 710 8999 
658 518 1892 
658 573 7555 
658 924 6087 
658 598 1590 
414 160 9465 
414 777 1995 
414 158 369 
124 934 1211 
124 3 5321 
124 207 6429 
510 439 9494 
510 206 2023 
510 123 3594 
510 234 835 
829 856 5912 
671 818 7926 
671 232 5153 
671 149 4800 
284 130 5807 
284 314 6973 
284 302 4479 
564 117 6158 
215 272 7282 
215 402 2730 
215 195 6549 
215 698 1945 
726 819 1031 
726 206 7456 
726 35 530 
726 929 1402 
726 820 3680 
913 276 6212 
913 492 6287 
913 205 9689 
913 807 9027 
913 868 2977 
230 637 10 
230 109 5845 
579 159 2942 
579 791 7918 
579 703 2242 
579 247 8268 
579 655 7392 
579 643 4249 
579 288 1941 
797 324 3308 
797 629 3902 
797 8 4822 
797 82 6207 
797 308 635 
410 312 6141 
410 251 37 
46 744 2856 
46 857 53 
179 469 3417 
179 801 484 
906 184 9943 
906 406 83 
906 401 2212 
200 196 1398 
200 265 824 
200 114 2249 
200 463 4149 
200 928 2083 
200 971 2227 
468 803 6518 
468 806 9449 
468 340 3685 
468 10 7153 
468 260 374 
468 47 1684 
833 226 818 
833 728 1906 
765 651 6573 
765 446 5374 
765 741 264 
765 683 660 
765 559 7398 
270 480 6175 
270 666 140 
270 839 2976 
276 626 -65 
276 559 7907 
276 333 4667 
144 57 931 
144 265 4292 
144 177 6396 
144 109 9785 
144 839 9699 
144 14 8736 
369 528 9923 
369 429 466 
369 602 7807 
369 713 8208 
369 519 1082 
369 31 8496 
369 989 1110 
369 761 8433 
352 481 6494 
352 622 523 
352 788 6765 
352 180 2181 
568 74 3994 
568 673 6893 
568 814 1207 
568 556 1682 
568 757 2580 
568 566 9331 
81 756 5623 
81 715 724 
81 100 5631 
57 283 6373 
57 439 259 
57 64 5665 
57 167 7314 
57 219 840 
324 435 8916 
823 51 -57 
823 323 3633 
823 742 1272 
637 321 4530 
9 982 7926 
9 601 2443 
9 313 3883 
9 238 3173 
9 232 2467 
883 966 296 
883 670 6162 
883 347 4868 
819 489 128 
819 824 7786 
819 526 333 
67 926 1321 
67 614 8202 
67 606 311 
740 339 2241 
740 318 4349 
740 96 1532 
740 250 -42 
577 52 9490 
577 523 9703 
137 403 9562 
137 982 6042 
137 229 2518 
85 798 212 
85 435 6056 
23 178 9239 
552 271 5878 
552 693 1535 
552 678 4579 
744 34 5101 
744 244 951 
292 900 2902 
278 625 8182 
278 795 6397 
278 694 7686 
489 798 4663 
489 191 1000 
489 297 5396 
489 412 5578 
926 33 1161 
926 565 8900 
926 947 4080 
587 706 3715 
587 575 4199 
587 202 2317 
587 384 211 
159 761 4232 
221 617 975 
221 241 6898 
221 656 4194 
535 375 55 
535 295 9681 
535 780 3343 
535 971 5247 
535 521 9426 
535 549 523 
403 952 4066 
403 194 6563 
403 419 9228 
403 115 4754 
268 217 8212 
268 730 8372 
268 135 1015 
268 550 5862 
268 835 203 
268 466 603 
603 275 2265 
603 86 8185 
603 951 416 
294 981 7870 
294 486 4862 
294 434 5137 
217 695 6303 
217 117 5770 
217 472 2993 
217 408 376 
217 963 3037 
869 323 2234 
869 357 4940 
869 939 3002 
283 310 540 
283 912 7561 
283 358 8068 
729 402 6282 
729 210 4919 
469 118 5729 
469 662 829 
469 500 5678 
469 772 7779 
695 690 5777 
695 438 6793 
695 517 9249 
695 384 5808 
695 235 8154 
459 37 3731 
459 556 6085 
459 366 8739 
459 71 9356 
459 895 5138 
459 431 5076 
532 793 7293 
196 221 7192 
196 374 6173 
196 479 8678 
196 527 3232 
716 311 496 
716 98 3324 
934 776 8220 
934 612 5426 
258 898 5161 
258 233 2353 
258 336 8281 
258 976 4217 
508 211 3786 
508 884 9340 
617 153 2221 
617 99 6482 
617 155 7879 
756 704 5485 
756 167 9929 
756 923 8342 
756 211 3551 
914 614 2047 
914 996 8713 
914 917 4961 
914 383 534 
692 608 2965 
692 664 6234 
692 111 9780 
630 746 6661 
630 837 7656 
630 251 2954 
630 64 6911 
630 17 2188 
630 928 -3 
824 173 6254 
824 968 7411 
824 621 2120 
824 387 2999 
824 854 8113 
374 186 1259 
374 843 6785 
374 986 1694 
581 913 9085 
581 515 7435 
581 633 3950 
581 768 5917 
581 1 6057 
581 225 3590 
52 667 8293 
52 810 2622 
52 62 4300 
52 156 4229 
818 489 6706 
818 117 235 
818 759 7786 
445 576 9252 
445 714 9758 
445 957 8479 
445 430 8835 
962 796 9505 
962 277 4828 
962 337 6617 
375 452 1800 
375 187 1596 
791 51 2097 
791 920 5539 
890 580 1678 
890 648 1873 
890 174 5973 
890 438 7555 
37 110 1667 
37 101 2092 
37 722 5489 
37 180 3247 
37 205 9927 
51 355 5962 
51 711 8977 
950 932 7308 
950 0 4158 
507 250 4538 
507 126 1425 
507 537 7323 
515 871 7611 
515 122 9811 
480 129 6262 
480 922 4363 
480 257 9400 
480 556 4992 
480 663 1097 
160 760 4403 
160 36 5105 
160 826 4999 
160 436 375 
89 65 7461 
89 651 1859 
89 117 6219 
89 453 4959 
893 777 9711 
893 371 6119 
893 677 8013 
893 992 2666 
932 520 211 
932 576 8212 
760 254 3223 
760 555 7689 
760 737 5950 
760 634 9411 
312 72 6509 
312 422 3421 
312 990 8728 
261 296 8040 
261 440 4409 
320 954 986 
320 592 647 
320 463 8269 
320 996 3408 
320 654 1548 
119 129 4521 
119 6 4179 
119 615 4854 
528 671 6496 
528 948 4361 
528 887 7057 
429 396 5535 
429 394 2706 
862 959 2343 
580 461 493 
580 359 9556 
580 948 22 
580 653 9071 
580 631 2174 
4 370 4372 
878 968 1257 
878 313 3280 
878 638 915 
343 968 7583 
343 831 377 
343 826 639 
343 368 5381 
343 892 5022 
442 63 693 
442 380 943 
442 142 5489 
607 256 68 
607 949 5652 
607 209 6123 
281 284 9008 
281 648 437 
281 87 7258 
281 484 4233 
281 702 8605 
281 876 3091 
256 883 5800 
256 27 6916 
256 821 3963 
256 490 5452 
256 366 6202 
457 218 1929 
295 222 9009 
295 501 9629 
295 967 6228 
3 591 8206 
3 471 2452 
3 201 3806 
3 100 6824 
648 548 9985 
648 641 7914 
648 155 5712 
715 661 9303 
715 341 5750 
798 605 4205 
798 525 1307 
798 852 6561 
798 523 4346 
703 491 5411 
703 928 421 
703 855 8177 
74 65 5450 
958 70 4526 
958 396 84 
560 511 4496 
560 558 5956 
560 249 6139 
746 663 7268 
746 286 9191 
602 103 720 
602 599 4010 
602 425 4150 
602 810 1243 
602 947 2858 
153 476 6706 
153 659 24 
153 127 2100 
941 61 78 
941 935 4528 
941 363 8197 
690 796 9329 
63 212 3431 
63 274 56 
461 472 7126 
461 154 0 
461 571 1436 
296 78 225 
827 815 8366 
827 780 7107 
827 327 4905 
777 589 5581 
777 554 6109 
777 529 8988 
452 736 1950 
452 606 744 
476 604 6673 
184 321 8182 
129 267 7549 
129 381 434 
129 214 9062 
129 845 1087 
129 705 7650 
481 584 1382 
803 574 6492 
65 927 -73 
118 290 5993 
118 998 6739 
118 245 7272 
118 887 1864 
173 27 8106 
173 465 2498 
173 645 8926 
684 121 7436 
684 743 1339 
684 493 1763 
806 940 770 
806 61 2057 
806 318 1454 
806 895 1658 
548 617 4993 
548 844 4754 
548 39 5799 
927 572 9349 
927 680 6740 
927 473 3052 
784 707 5350 
784 143 6775 
784 244 5439 
275 954 2224 
275 300 4744 
275 537 5771 
275 774 8837 
491 93 9337 
491 472 1443 
491 909 420 
70 28 2000 
86 734 4765 
837 723 4619 
837 891 5600 
837 864 8622 
837 238 9136 
837 394 5343 
837 120 -89 
310 781 4322 
310 436 2977 
844 771 2210 
844 710 4476 
844 978 2950 
844 687 2968 
110 857 1167 
110 996 2891 
110 930 8063 
944 1 5911 
944 176 5865 
944 854 5971 
673 135 8033 
673 266 2240 
254 138 1781 
254 720 5574 
254 915 1051 
254 770 9799 
254 836 5694 
622 508 8925 
622 385 2611 
622 1 948 
622 704 9328 
622 43 8966 
622 641 777 
622 813 9543 
520 972 7628 
520 408 4598 
186 590 625 
186 265 9979 
186 83 7503 
186 59 6855 
186 447 677 
633 477 2782 
633 534 7205 
633 199 899 
27 582 2287 
27 351 99 
101 280 9139 
101 856 8662 
145 41 8873 
145 889 3095 
145 158 6168 
34 974 5591 
267 954 4961 
267 514 3155 
267 743 2939 
321 634 8642 
629 977 4643 
629 503 8812 
138 848 4269 
138 727 7935 
972 293 3655 
972 55 1304 
972 71 5349 
972 533 4522 
730 312 6523 
730 993 242 
730 306 3281 
135 749 7454 
135 236 9398 
135 976 8845 
135 178 -94 
627 712 3998 
627 412 5370 
627 618 313 
651 192 2500 
651 59 7369 
651 714 2234 
651 82 881 
982 256 9939 
982 908 1274 
982 353 3705 
555 305 2741 
555 585 2759 
355 599 1128 
355 805 6736 
355 682 2698 
355 100 8243 
981 406 2879 
518 649 8938 
518 303 930 
518 779 988 
518 40 -73 
922 325 9741 
922 291 4018 
952 418 1932 
604 141 9090 
385 965 5978 
385 675 -64 
385 897 7407 
385 308 4045 
814 355 106 
814 253 8025 
814 199 4456 
91 103 176 
91 679 4744 
91 794 1191 
91 361 925 
605 370 7824 
605 758 7036 
605 382 8092 
605 739 5728 
660 747 3868 
660 437 7399 
589 152 4972 
589 821 4734 
590 598 4640 
590 796 9820 
398 869 3439 
398 713 3364 
398 976 4177 
6 468 -72 
6 518 6460 
6 557 5588 
6 309 434 
968 585 907 
446 148 9286 
446 407 4260 
117 566 6731 
525 94 6658 
525 991 8156 
525 757 6546 
525 838 7797 
525 88 4336 
874 339 7615 
874 247 9051 
874 817 9793 
874 497 7947 
79 226 7208 
79 750 9000 
79 162 2476 
79 916 5982 
649 130 128 
649 523 6288 
649 811 613 
649 696 8086 
722 681 99 
722 704 485 
722 886 3763 
771 465 7301 
771 768 2098 
954 229 675 
954 721 2411 
954 990 8695 
954 894 -80 
620 708 4192 
620 116 970 
293 596 5797 
293 405 2273 
293 5 4623 
319 956 418 
319 647 5521 
319 925 7890 
319 640 3328 
582 286 1043 
667 26 9679 
667 29 8436 
667 697 8293 
667 711 7158 
667 274 2444 
840 501 6822 
840 131 1062 
359 21 3992 
359 62 1295 
359 301 7574 
265 741 9175 
265 863 289 
597 245 3845 
597 411 9377 
597 533 1389 
370 197 3825 
370 799 9981 
370 957 4647 
498 761 2499 
498 379 6848 
498 838 8739 
174 26 3445 
174 514 6630 
174 146 9469 
477 655 31 
477 475 2882 
543 982 5855 
543 458 4344 
543 517 6461 
543 854 8175 
130 229 9874 
130 242 5398 
272 960 6803 
272 545 5002 
272 387 8581 
272 600 3535 
435 210 4477 
435 42 916 
435 688 1411 
592 885 8841 
592 810 1270 
93 686 6752 
93 38 9856 
32 822 6159 
32 569 2907 
723 343 2362 
723 591 9884 
723 946 6979 
326 504 2597 
326 697 5266 
713 193 5935 
713 122 9858 
662 241 2954 
662 62 937 
662 881 2431 
33 243 7391 
33 676 1428 
33 680 5355 
33 467 1185 
918 651 2396 
918 42 2995 
918 584 6542 
918 766 2815 
918 168 9743 
608 252 7459 
107 462 5997 
107 322 8423 
339 577 7351 
339 681 4992 
339 360 1504 
940 614 59 
940 516 3776 
439 172 5494 
439 717 1198 
439 963 9204 
381 147 2367 
381 383 334 
621 287 4578 
621 766 5103 
621 451 2866 
621 306 5690 
621 748 3432 
36 152 7836 
36 669 3890 
36 253 6755 
36 166 7452 
36 980 4422 
36 190 1618 
625 395 8675 
625 181 4273 
625 882 4327 
625 596 2902 
280 566 8802 
223 982 3229 
223 194 4256 
223 877 1983 
94 336 7401 
94 22 9294 
103 76 8827 
573 747 814 
573 728 -27 
106 427 9195 
106 100 4368 
948 593 9715 
948 701 6931 
891 322 5161 
891 68 6621 
891 54 8108 
891 219 8 
891 341 9370 
371 42 5538 
371 610 5453 
371 43 5756 
371 775 5746 
371 696 8300 
639 805 1274 
639 876 3352 
61 351 1694 
152 682 3224 
77 241 8377 
77 95 7096 
550 939 9256 
550 240 2090 
479 987 4943 
479 128 4574 
834 275 3833 
834 768 4206 
834 886 506 
834 216 5276 
834 689 6525 
392 303 7607 
392 936 6716 
511 569 5595 
511 725 2831 
511 349 9625 
472 456 5190 
472 373 1018 
472 409 3955 
472 574 9527 
486 423 1648 
835 957 2855 
924 906 5766 
924 688 6231 
924 879 915 
380 885 4476 
380 474 9494 
519 396 5337 
519 437 2827 
519 537 5775 
788 151 1298 
788 987 9502 
788 782 8683 
788 754 2656 
788 936 6245 
87 825 495 
87 885 3315 
87 858 4765 
121 439 6542 
121 484 6033 
180 926 252 
180 781 8621 
465 301 8191 
465 724 8174 
417 379 3225 
417 678 8149 
417 455 3530 
601 0 2570 
601 766 5276 
601 513 9952 
494 83 3548 
494 15 3080 
494 710 9502 
494 499 7954 
222 912 8410 
222 764 462 
222 685 6960 
191 466 7241 
768 402 8437 
768 967 6042 
825 236 9636 
821 425 2919 
821 748 2914 
965 166 6690 
956 995 3477 
956 978 772 
669 328 4046 
669 66 4742 
669 631 8153 
669 309 5437 
669 542 3506 
1 207 2962 
1 951 7333 
1 432 6681 
1 546 868 
576 644 8426 
576 736 329 
576 412 -38 
576 593 7832 
576 504 8376 
251 416 6907 
251 533 2302 
290 553 7881 
290 712 3354 
290 161 1433 
908 899 6495 
908 544 431 
908 873 -2 
908 773 5125 
253 485 1375 
318 645 9265 
318 688 5537 
570 49 1104 
848 904 2677 
848 488 8452 
871 155 7215 
871 701 4994 
871 127 5020 
243 795 3446 
591 937 7588 
591 384 2491 
64 584 5489 
64 901 9398 
64 750 505 
864 166 6493 
864 190 2400 
194 471 3211 
194 820 1809 
194 349 6442 
456 933 3076 
456 816 8018 
456 773 8751 
0 193 5152 
0 305 4573 
666 931 7653 
666 571 7585 
652 132 6675 
652 963 179 
652 365 2038 
652 725 4064 
652 30 605 
681 570 3366 
681 554 8112 
681 873 250 
297 858 7595 
297 642 6308 
297 30 4162 
402 141 5504 
402 594 349 
402 745 6828 
177 865 2505 
195 517 6038 
966 360 5947 
966 146 8407 
966 88 4094 
898 203 8325 
898 846 741 
478 2 6081 
478 409 375 
478 911 3979 
323 583 3095 
323 449 1207 
323 401 8225 
323 202 1657 
323 861 9181 
323 209 9230 
323 302 7586 
257 635 8876 
257 959 9130 
904 32 1863 
904 975 927 
904 249 1772 
233 516 6178 
462 872 375 
991 715 312 
991 434 7848 
991 677 9524 
991 635 2437 
322 286 5333 
583 531 4559 
583 444 1580 
583 250 1121 
583 329 8796 
583 586 3344 
406 434 1897 
406 21 5291 
406 999 6405 
547 116 3495 
287 620 5780 
287 978 6439 
979 330 4924 
979 853 1517 
979 816 7112 
712 842 2300 
712 920 9332 
712 892 4096 
781 697 6626 
781 539 4002 
28 858 3140 
28 661 6870 
28 855 7680 
28 612 8115 
31 185 708 
31 242 725 
843 677 1044 
843 187 6935 
210 409 8602 
42 446 429 
42 238 3430 
42 185 1742 
42 735 4495 
998 807 2348 
998 306 1527 
998 78 6402 
736 310 669 
736 957 9829 
531 175 8468 
490 201 7638 
664 45 4353 
664 162 9483 
664 585 985 
584 986 5001 
584 650 -48 
647 148 9543 
83 161 1488 
83 897 2890 
484 167 8235 
484 241 5450 
614 968 289 
614 556 8376 
614 575 5245 
614 53 4352 
157 377 6288 
157 787 8777 
157 420 8519 
157 888 6326 
161 330 7376 
161 988 3175 
161 983 7559 
313 230 2943 
313 670 2414 
313 938 1325 
313 709 3076 
610 679 2000 
610 337 5439 
670 225 1941 
453 994 3699 
453 963 9936 
26 111 9576 
26 900 4384 
815 394 6856 
362 960 4687 
362 868 9749 
362 563 2444 
172 169 8948 
172 741 2458 
977 207 4619 
977 13 4206 
29 425 4306 
29 636 6577 
29 682 5623 
29 905 8723 
377 200 5306 
377 259 9172 
377 413 5980 
747 723 3915 
747 55 823 
747 422 8368 
434 769 8876 
434 311 5718 
434 642 6289 
151 458 807 
151 600 1724 
151 867 9886 
247 553 4363 
247 970 5044 
247 282 6141 
247 98 8856 
780 592 5722 
780 404 5796 
780 171 6479 
780 782 3540 
780 613 2495 
336 466 867 
758 346 8355 
758 569 4795 
758 470 8499 
24 596 8400 
655 836 4181 
655 113 3328 
989 496 9143 
989 785 7818 
761 893 5601 
761 793 8322 
761 863 7550 
852 193 6936 
901 165 1632 
901 239 7226 
901 847 383 
901 910 -91 
995 103 2457 
995 915 8286 
995 90 2010 
995 389 9404 
416 907 5456 
645 641 -39 
645 870 2115 
449 116 7413 
404 575 -79 
938 964 9541 
938 235 5099 
441 11 331 
441 234 9769 
441 448 3240 
441 308 9835 
303 332 2917 
303 931 4791 
974 372 7191 
974 260 4593 
974 242 5460 
974 910 1269 
395 967 3796 
395 973 9901 
395 728 2308 
787 468 2381 
787 348 5363 
787 693 2300 
787 422 6150 
147 753 6383 
147 888 7332 
147 640 5624 
466 205 6727 
953 545 2286 
953 60 7777 
953 764 5511 
953 916 2092 
206 644 6531 
206 220 9229 
206 634 2643 
169 708 8143 
169 805 5731 
822 852 7238 
822 237 7318 
822 672 3324 
220 433 3431 
396 617 7646 
396 348 4541 
396 653 5344 
188 277 3707 
188 288 5847 
353 476 8083 
353 492 56 
353 158 8576 
353 687 2366 
987 656 9229 
599 255 5863 
599 679 7371 
599 526 4834 
766 624 3624 
766 464 5902 
766 48 7535 
960 588 7246 
556 201 9555 
123 947 3367 
123 701 8600 
795 734 9601 
795 801 7944 
170 106 1271 
170 49 8952 
170 675 2228 
170 546 8718 
170 39 2667 
899 865 9958 
899 612 7785 
899 190 9108 
842 71 5962 
842 566 4383 
128 564 6993 
128 859 1569 
128 863 9452 
885 53 8329 
885 721 8906 
598 807 7404 
598 298 8703 
704 165 8607 
704 846 1044 
165 60 -14 
165 379 7463 
165 38 995 
141 779 2605 
141 701 9741 
300 414 171 
300 485 3882 
300 846 5878 
858 611 7402 
858 907 2472 
858 240 4033 
492 805 1572 
492 657 5470 
492 687 601 
425 789 7887 
425 751 9837 
43 454 3966 
43 884 741 
132 252 1301 
132 368 6181 
132 828 8536 
181 650 7672 
193 364 4279 
193 778 2813 
925 228 1285 
925 656 873 
925 585 5001 
330 700 4210 
330 44 5463 
330 881 6418 
167 924 5320 
167 13 5993 
167 82 7323 
167 127 7807 
428 37 6157 
428 509 5017 
428 700 1249 
428 877 99 
428 646 2851 
428 676 1488 
557 105 4419 
557 569 7798 
865 845 9978 
142 444 152 
142 759 3249 
35 16 66 
35 427 4191 
35 663 9740 
35 856 4146 
245 188 6000 
245 701 4154 
245 687 3453 
171 710 5862 
171 993 2687 
171 485 2579 
720 235 2687 
332 960 8832 
332 391 6195 
332 685 9381 
197 246 1772 
412 228 1245 
412 999 8839 
412 361 6037 
176 279 7696 
176 120 3568 
68 641 3094 
68 249 3590 
437 504 3333 
437 487 1252 
831 809 9356 
305 344 3330 
305 254 4295 
305 241 1844 
252 246 3584 
252 448 6681 
252 839 8950 
114 475 -80 
114 752 875 
96 178 560 
96 884 2436 
474 144 2710 
474 886 5418 
474 388 1883 
558 762 5373 
558 628 8504 
229 702 4889 
709 969 268 
709 493 9524 
826 640 8484 
826 949 1067 
923 397 1450 
923 263 -83 
166 582 3962 
166 332 9174 
166 615 9493 
166 789 3988 
246 975 4015 
606 668 1554 
606 631 5030 
606 436 1640 
594 874 6828 
594 903 442 
594 288 9889 
594 828 -81 
594 910 7181 
471 710 7426 
348 761 3217 
348 75 6801 
348 551 2007 
348 299 932 
565 530 3823 
565 745 4697 
565 240 9119 
111 74 6877 
111 575 2338 
111 799 -12 
111 691 4246 
111 282 2727 
408 717 4254 
593 652 353 
593 113 5855 
641 738 7175 
641 895 4873 
988 764 194 
411 279 6003 
420 867 1513 
783 338 1704 
783 351 8316 
783 250 26 
783 785 1711 
779 62 5368 
779 782 4693 
611 256 4807 
611 851 3996 
21 763 5988 
21 562 4487 
21 5 3773 
567 59 294 
567 809 9598 
567 512 619 
11 815 -58 
11 572 3920 
11 394 3262 
11 126 2142 
11 399 5185 
241 624 9055 
241 400 2482 
241 672 743 
749 595 3504 
749 686 8490 
749 506 4714 
259 131 9350 
259 702 8682 
741 763 2346 
912 340 5476 
912 896 6262 
912 388 6193 
708 78 9881 
451 334 9906 
451 400 6511 
451 422 7116 
357 882 9362 
624 306 4666 
624 719 1280 
753 369 2957 
753 973 7273 
753 707 6350 
8 527 8141 
8 298 1577 
340 553 7141 
340 335 9734 
340 628 1589 
340 433 9031 
401 984 8502 
401 769 9373 
401 325 5085 
15 829 2005 
15 419 6519 
907 475 3736 
366 208 8778 
757 354 7385 
154 212 994 
438 391 9384 
438 503 2662 
438 997 6322 
984 612 1163 
444 566 562 
903 16 2821 
523 225 3370 
523 264 664 
501 518 5090 
501 718 7251 
269 523 6086 
269 189 7777 
269 986 4820 
2 807 4008 
351 214 2391 
351 126 5339 
122 394 8669 
122 499 1703 
122 911 9339 
458 543 4717 
458 900 5873 
458 40 9932 
653 31 2516 
653 946 5738 
653 861 8570 
653 785 2501 
271 279 5724 
464 183 6950 
464 918 9255 
464 699 403 
464 688 3822 
346 964 7132 
683 940 3993 
683 404 7582 
683 391 9514 
810 715 4814 
810 297 4575 
810 334 2362 
545 799 9198 
545 400 4222 
527 615 3871 
527 226 5467 
527 750 6312 
55 660 1084 
55 228 4472 
575 212 5588 
575 623 7816 
225 967 3480 
225 45 2514 
95 316 2898 
95 306 934 
95 533 7587 
95 694 4956 
60 134 2286 
60 896 -86 
60 805 1123 
60 368 339 
60 219 5631 
60 455 3052 
454 840 616 
454 389 7397 
615 779 138 
615 919 9110 
796 238 7380 
886 679 464 
886 586 4001 
886 208 3879 
509 124 4802 
509 49 1506 
509 291 4654 
205 800 2754 
717 728 9763 
238 356 3477 
238 289 9000 
859 888 7411 
859 845 8376 
463 786 1698 
463 539 9542 
202 861 9895 
202 212 5492 
202 936 3030 
277 632 6474 
277 423 842 
277 214 5097 
700 863 2283 
710 537 5376 
710 40 2382 
134 373 8468 
17 354 4140 
17 562 5032 
17 73 1368 
947 347 1657 
947 654 4924 
947 628 2623 
946 700 1641 
946 980 9042 
99 930 4890 
698 638 2227 
226 309 5062 
226 92 3119 
185 482 2626 
185 468 6971 
185 818 2754 
185 539 1285 
155 763 6372 
155 475 8216 
155 856 345 
155 5 6774 
155 433 4826 
379 982 5444 
379 657 2481 
59 93 9632 
59 571 8846 
937 922 594 
937 426 1137 
372 841 3483 
372 413 1371 
53 12 7429 
53 516 3045 
204 464 5686 
204 496 6209 
204 516 6399 
204 487 4065 
204 727 7055 
495 480 4063 
495 805 1408 
495 816 603 
391 218 1019 
189 366 1931 
189 677 7567 
207 361 3151 
969 889 2289 
993 963 6950 
387 554 1584 
488 265 4288 
488 432 8565 
514 309 2135 
769 948 -68 
769 133 6273 
677 766 2639 
677 44 4426 
750 397 8173 
750 426 416 
316 383 3297 
316 754 2701 
799 363 3191 
236 454 6311 
236 131 7803 
236 146 4091 
397 878 2184 
397 546 2904 
763 867 6544 
763 361 3174 
131 382 3365 
131 47 1822 
131 804 5594 
807 418 2191 
807 659 1526 
668 848 7867 
668 497 6542 
994 731 3583 
994 309 152 
517 409 9528 
232 400 2396 
66 843 2627 
66 963 1734 
66 496 7977 
915 786 8806 
909 808 6600 
963 631 5322 
10 20 486 
10 460 7387 
62 636 4460 
62 985 1933 
496 635 6270 
496 20 3608 
572 804 7156 
149 413 5769 
149 642 2668 
49 623 9983 
935 231 6158 
935 807 6362 
935 742 7567 
935 242 5770 
935 650 8733 
935 551 3870 
782 908 5821 
782 701 3672 
782 262 6722 
75 760 3563 
75 903 6854 
75 529 8553 
75 707 5772 
789 356 8358 
789 870 8889 
250 506 8247 
255 30 5634 
851 790 9661 
853 657 129 
394 997 3132 
931 475 8140 
301 983 329 
301 916 8174 
301 734 4042 
301 541 6136 
301 430 9617 
675 913 9117 
675 336 1374 
675 786 1909 
675 178 -24 
329 524 8858 
329 688 151 
58 861 7495 
889 546 1320 
919 503 8601 
356 701 8905 
356 877 7442 
661 150 405 
661 527 1962 
661 861 6294 
661 846 9715 
679 150 365 
679 620 4073 
679 800 3491 
679 920 9716 
13 635 5568 
933 609 3159 
632 503 4988 
632 263 7194 
632 609 3055 
691 643 335 
896 313 2737 
896 397 3910 
896 327 6136 
325 577 7354 
325 721 6549 
897 504 9349 
504 793 3476 
504 263 2435 
234 882 7773 
234 289 1212 
800 22 5549 
643 632 2086 
643 76 7777 
770 180 4870 
770 122 9414 
770 127 2816 
770 361 9256 
475 816 2946 
475 473 4139 
475 100 2485 
237 963 5983 
237 588 5706 
228 877 2158 
503 361 298 
900 770 2408 
900 249 2294 
794 304 2813 
794 324 1369 
794 43 7225 
794 911 5495 
382 201 -70 
382 470 2982 
882 311 4256 
882 917 9579 
882 855 2703 
882 279 5845 
334 235 9522 
260 873 1480 
613 976 3794 
613 949 6216 
109 360 1728 
992 964 136 
992 636 2892 
817 928 2045 
497 349 823 
440 842 4231 
440 90 9436 
373 460 2946 
419 562 2367 
976 531 9641 
976 377 1048 
976 809 9311 
793 754 7109 
813 790 5735 
485 500 4163 
485 82 3371 
571 384 3300 
888 978 2757 
888 678 8126 
857 751 7837 
983 108 3296 
47 426 156 
640 143 8163 
640 388 1938 
409 948 733 
409 845 1363 
400 600 6028 
738 536 9128 
738 661 4104 
738 311 7355 
805 584 9601 
805 219 1804 
289 986 3020 
792 701 8824 
792 734 4726 
742 967 8522 
742 619 855 
168 809 2952 
978 877 2142 
978 534 9849 
500 203 6618 
500 479 3715 
500 999 6307 
841 233 4271 
841 358 3033 
71 192 180 
71 500 5706 
71 521 8154 
306 423 3977 
631 526 9866 
631 92 1693 
264 282 6250 
964 600 3364 
701 470 20 
701 905 3939 
365 134 9748 
365 199 8030 
638 839 2556 
638 985 495 
596 159 3271 
596 337 2993 
895 980 6925 
951 737 8745 
986 796 4991 
986 537 3250 
986 389 1664 
743 473 11 
426 38 381 
702 383 4879 
16 493 5248 
949 634 5556 
600 158 3415 
600 447 7416 
836 48 4022 
393 493 777 
393 790 9760 
393 876 7008 
636 586 8116 
887 437 1642 
887 839 6992 
242 456 6484 
242 42 2724 
242 929 3401 
877 685 8629 
877 997 4953 
686 473 7186 
108 838 709 
108 506 8159 
108 542 6378 
928 803 5322 
928 502 7766 
928 133 1289 
928 104 3607 
423 15 4303 
423 413 670 
786 312 3871 
786 941 4343 
786 314 4036 
870 72 7349 
870 491 397 
870 513 4802 
870 724 5460 
776 930 2814 
967 577 5098 
967 82 4337 
719 894 4132 
764 777 2432 
764 586 8852 
436 708 2973 
436 971 4618 
513 563 3712 
368 158 8165 
971 38 7514 
971 990 1915 
569 220 4244 
569 239 2808 
569 78 8804 
448 725 291 
448 467 3999 
448 847 9703 
201 585 2037 
533 493 409 
533 705 561 
44 575 7162 
44 697 9717 
44 539 2950 
214 563 40 
214 657 9473 
262 696 4749 
22 162 4859 
646 523 3770 
646 363 8325 
115 823 7979 
115 387 1882 
115 358 6974 
861 351 5331 
861 208 3025 
363 411 8207 
363 820 2724 
999 893 4656 
999 169 348 
999 427 5943 
574 521 -50 
626 419 6618 
626 939 5010 
996 79 2628 
996 775 7819 
996 76 4179 
156 915 -59 
156 314 1043 
347 487 7837 
347 433 8629 
327 253 3752 
327 431 6036 
164 510 6804 
164 407 6753 
126 544 9625 
427 382 5796 
427 187 6590 
427 249 1609 
427 175 3466 
158 399 2671 
311 473 6758 
311 628 2128 
311 735 4305 
45 92 3615 
493 299 140 
534 41 9163 
534 450 3184 
534 854 866 
917 962 313 
917 361 4670 
676 288 8871 
216 497 7390 
216 718 4530 
939 773 2908 
288 90 4011 
211 541 8485 
775 811 3960 
855 139 8285 
855 664 552 
855 585 5593 
554 430 7393 
872 77 8680 
872 209 231 
872 990 1651 
418 76 7859 
187 888 2947 
187 199 9134 
162 956 9406 
162 647 6182 
162 634 2894 
659 249 6806 
731 694 3891 
693 251 4225 
693 522 2826 
432 169 9332 
432 839 213 
432 778 8042 
432 227 9989 
546 679 6100 
546 688 2096 
263 612 811 
699 478 9264 
699 341 8230 
916 20 8368 
697 642 3508 
360 144 228 
360 76 9347 
618 178 3327 
116 752 1940 
654 828 7314 
212 389 443 
970 333 5202 
529 751 3914 
529 774 6926 
635 537 6498 
725 828 5753 
38 714 3122 
12 833 6635 
12 127 9753 
199 778 5254 
751 324 2381 
751 90 5906 
868 76 8514 
868 244 3496 
868 930 5231 
868 687 7452 
54 592 5731 
54 78 2911 
383 657 5435 
721 711 4787 
867 619 6371 
973 856 1117 
973 832 1667 
973 447 8875 
663 674 7419 
663 403 1610 
663 620 1182 
663 691 7210 
663 656 9474 
663 875 330 
839 563 5353 
505 957 7352 
505 609 8262 
734 291 5386 
856 299 9780 
279 862 2376 
279 691 4685 
279 762 5106 
685 642 1163 
422 801 -62 
586 541 4556 
586 39 4759 
298 453 1867 
298 696 4320 
384 183 8481 
384 990 272 
384 539 5782 
959 762 6901 
959 100 3099 
90 657 7643 
672 135 4740 
672 810 8406 
672 423 2980 
672 367 6474 
672 389 6303 
499 805 2508 
499 148 8582 
785 180 5740 
785 133 8892 
367 881 1114 
367 812 3847 
778 516 6567 
559 116 6386 
559 650 1281 
559 112 3214 
845 314 3730 
863 801 2917 
707 728 4014 
705 930 865 
178 599 5140 
178 868 7229 
178 728 7720 
759 960 5136 
759 696 5729 
759 407 2077 
354 754 1408 
997 53 1491 
997 735 7290 
235 773 948 
239 688 527 
239 389 9360 
650 516 9044 
143 391 5393 
143 506 6653 
612 563 6286 
737 884 7991 
309 474 3797 
309 361 9228 
975 689 5936 
291 85 7463 
291 395 8397 
291 512 1555 
526 930 3271 
209 467 2208 
884 407 2736 
112 609 5604 
832 358 6334 
7 609 2279 
694 952 8261 
694 724 4662 
634 473 4274 
911 549 2207 
563 171 1644 
563 724 6716 
516 762 -89 
516 728 8574 
405 487 7732 
688 725 1813 
688 656 3786 
688 431 1528 
146 297 7335 
146 680 8650 
146 450 4630 
680 589 8465 
680 772 7312 
76 856 6474 
76 542 91 
522 5 3704 
656 954 7682 
656 337 8678 
816 416 2480 
816 229 4839 
816 892 4091 
113 752 9668 
828 698 9341 
828 14 1410 
809 796 2139 
809 337 3145 
521 687 3966 
811 847 4862 
846 945 9730 
219 364 4070 
219 430 6047 
980 337 3830 
980 175 275 
358 485 8955 
358 682 1137 
551 780 1057 
551 127 5829 
473 973 2935 
473 487 5023 
657 255 8771 
657 585 3834 
541 971 9931 
541 120 51 
990 248 3409 
990 929 6224 
431 912 120 
431 676 1981 
431 407 7332 
399 562 4992 
399 537 3273 
689 249 2886 
752 409 6036 
752 470 2026 
78 728 9463 
929 92 2794 
39 249 6698 
711 93 4677 
711 73 5339 
711 542 7174 
274 416 7443 
274 892 2645 
487 696 3035 
487 127 6378 
985 433 6331 
682 482 6125 
682 549 1485 
714 282 5097 
502 418 3891 
502 407 7610 
314 250 9535 
314 450 1349 
92 808 8198 
92 299 8651 
696 90 9045 
696 190 8447 
727 286 2294 
881 300 7916 
881 208 -85 
804 936 4749 
808 905 9533 
467 914 4566 
467 335 3844 
82 448 3465 
82 724 1018 
413 483 6258 
413 227 1412 
450 687 6330 
282 549 1682 
282 678 8050 
619 509 3636 
619 389 7489 
957 979 1104 
957 512 1668 
470 120 8055 
562 631 9494 
562 148 4035 
585 908 7581 
585 609 -42 
642 88 7818 
335 566 7008 
875 801 4541 
875 120 3671 
544 715 3209 
544 838 3982 
133 790 1696 
790 930 6914 
762 873 188 
838 266 2926 
820 625 790 
820 208 1123 
628 894 2948 
98 349 6543 
623 433 2425 
388 754 1904 
388 100 6604 
249 104 2807 
735 588 1863 
873 566 5554 
745 14 6498 
745 812 3379 
244 174 9750 
244 341 1578 
894 267 5025 
894 801 1812 
772 430 1551 
748 308 9617 
299 308 592 
920 224 292 
920 341 5375 
506 88 3257 
266 226 4888 
266 724 4956 
266 687 7117 
104 739 4352 
847 910 539 
854 58 4539 
854 731 4299 
854 100 -22 
930 828 3353 
930 5 9360 
549 739 4501 
549 341 9222 
724 588 4195 
801 94 9970 
801 239 8253 
801 341 9273 
333 91 7710 
333 185 5375 
333 120 7356 
333 754 3757 
773 40 6003 
148 208 171 
728 175 3344 
337 80 8297 
337 438 2335 
337 100 3757 
539 308 2722 
240 505 7202 
240 361 5166 
14 826 8045 
14 542 8252 
120 48 4645 
20 542 7802 
88 504 334 
88 687 7633 
687 5 4559 
5 588 9792 
218 40 9935 
190 208 2530 
127 349 6084 
350 936 5217 
739 308 9876 
48 778 7991 
48 30 2936 
227 892 6872 
537 678 6097 
349 577 7895 
349 718 1258 
349 542 5551 
341 620 2043 
341 95 4426 
341 876 4788 
905 512 6568 
876 755 58 
812 540 6269 
812 40 8547 
566 678 9243 
175 458 9295 
175 140 9056 
361 406 5343 
361 782 1083 
361 588 9791 
73 882 2676 
73 678 3477 
140 945 3155 
308 389 2504 
678 100 6654 
512 718 1919 
433 430 8521 
718 774 6678 
754 505 5868 
754 302 7823 
40 286 7525 
40 208 9833 
286 66 7972 
286 460 3771 
407 774 5066 
774 332 2109 
774 30 299 
100 208 5009 
447 936 6152 
455 302 1748 
609 30 8753 
945 30 6696 
460 93 2421 
460 755 1435 
936 588 4968 
389 910 1734 
302 542 6345 
430 244 6507 
430 208 7812 
910 295 6914 
910 901 9063 
910 542 4326 
542 588 2080 
588 955 6406 
588 892 5743 
892 208 8371 
30 208 5778 
208 853 5179 
208 755 7006 
755 336 2448 
755 879 8302 
